Generation,Density 0,1,Density 0,3,Density 0,5,Density 0,6,Density 0,7
0,44,298,270,140,55
1,39,271,250,135,42
2,41,256,236,128,39
3,44,250,244,119,40
4,45,266,238,117,40
5,49,281,214,130,45
6,49,197,227,119,33
7,63,205,241,108,36
8,54,184,226,120,30
9,77,150,221,113,27
10,67,157,248,103,25
11,71,134,190,103,28
12,66,131,196,96,30
13,74,133,182,106,30
14,80,135,175,93,38
15,71,115,153,96,33
16,66,118,163,96,26
17,68,111,158,109,24
18,65,108,167,94,22
19,66,115,171,91,22
20,66,113,169,86,28
21,59,116,178,92,20
22,61,131,170,92,18
23,65,110,192,96,14
24,71,119,165,106,14
25,75,104,157,100,14
26,84,110,144,116,14
27,78,115,148,104,14
28,74,123,128,115,14
29,71,114,143,117,14
30,79,109,143,100,14
31,76,99,151,118,14
32,89,91,169,98,14
33,93,92,148,101,14
34,91,82,127,107,14
35,104,78,140,117,14
36,116,79,127,111,14
37,114,87,126,112,14
38,115,75,122,116,14
39,116,74,124,108,14
40,122,77,130,114,14
41,133,81,117,98,14
42,112,83,118,107,14
43,123,82,108,100,14
44,120,87,95,89,14
45,122,84,103,85,14
46,124,87,93,98,14
47,118,89,94,93,NA
48,109,86,92,87,NA
49,107,100,87,84,NA
50,114,98,89,85,NA
51,103,105,92,77,NA
52,111,101,76,69,NA
53,113,99,72,82,NA
54,118,95,73,71,NA
55,99,102,78,82,NA
56,105,98,76,79,NA
57,79,101,79,86,NA
58,82,101,76,90,NA
59,71,110,88,95,NA
60,69,105,89,100,NA
61,89,115,77,102,NA
62,80,118,75,108,NA
63,85,135,67,110,NA
64,79,115,71,118,NA
65,80,134,77,120,NA
66,73,136,80,126,NA
67,80,145,73,112,NA
68,67,143,58,108,NA
69,74,151,55,110,NA
70,71,172,55,122,NA
71,80,148,57,122,NA
72,70,128,63,132,NA
73,75,128,57,124,NA
74,72,151,62,138,NA
75,84,140,55,132,NA
76,83,157,50,117,NA
77,85,138,47,118,NA
78,88,144,45,109,NA
79,83,145,45,102,NA
80,87,138,53,104,NA
81,80,138,49,104,NA
82,88,123,57,99,NA
83,85,119,53,102,NA
84,83,113,56,106,NA
85,93,119,61,107,NA
86,71,114,66,121,NA
87,82,87,67,112,NA
88,62,92,80,122,NA
89,59,80,71,112,NA
90,57,91,83,115,NA
91,52,91,75,113,NA
92,60,104,75,97,NA
93,57,98,76,105,NA
94,61,107,87,89,NA
95,68,110,86,98,NA
96,57,92,94,88,NA
97,64,90,77,94,NA
98,57,93,96,88,NA
99,70,90,90,96,NA
100,58,86,88,104,NA
101,60,98,83,86,NA
102,54,104,79,90,NA
103,52,84,81,84,NA
104,57,99,101,89,NA
105,57,88,72,81,NA
106,63,101,69,82,NA
107,61,99,67,91,NA
108,67,121,68,101,NA
109,69,108,65,87,NA
110,64,128,69,103,NA
111,68,116,60,87,NA
112,58,116,67,96,NA
113,67,109,64,101,NA
114,61,98,62,104,NA
115,60,94,65,106,NA
116,59,96,61,114,NA
117,51,90,59,102,NA
118,51,92,60,122,NA
119,52,79,60,99,NA
120,46,94,76,95,NA
121,54,79,69,90,NA
122,45,82,75,101,NA
123,50,79,67,102,NA
124,51,91,63,83,NA
125,46,89,61,81,NA
126,32,82,54,77,NA
127,29,84,58,73,NA
128,26,76,59,82,NA
129,24,90,68,81,NA
130,29,84,63,82,NA
131,28,87,53,81,NA
132,32,78,58,89,NA
133,34,91,61,79,NA
134,44,89,58,78,NA
135,35,89,45,81,NA
136,33,100,50,79,NA
137,39,88,53,88,NA
138,31,83,53,97,NA
139,31,92,59,91,NA
140,31,106,57,93,NA
141,31,99,82,91,NA
142,31,98,58,97,NA
143,31,105,63,93,NA
144,31,97,45,107,NA
145,31,99,44,92,NA
146,31,97,45,100,NA
147,31,101,54,81,NA
148,31,104,59,80,NA
149,31,115,58,78,NA
150,31,108,68,80,NA
151,31,107,65,80,NA
152,31,112,80,77,NA
153,31,96,70,82,NA
154,31,104,79,81,NA
155,31,120,75,84,NA
156,31,113,91,76,NA
157,31,133,75,78,NA
158,31,104,79,89,NA
159,31,97,80,73,NA
160,31,89,83,82,NA
161,31,97,77,74,NA
162,NA,85,87,65,NA
163,NA,103,79,78,NA
164,NA,97,83,65,NA
165,NA,105,77,67,NA
166,NA,93,79,69,NA
167,NA,92,74,68,NA
168,NA,96,71,76,NA
169,NA,104,71,77,NA
170,NA,113,82,83,NA
171,NA,106,79,75,NA
172,NA,113,84,77,NA
173,NA,118,85,79,NA
174,NA,116,94,86,NA
175,NA,102,92,86,NA
176,NA,103,92,75,NA
177,NA,100,89,70,NA
178,NA,89,85,63,NA
179,NA,97,90,62,NA
180,NA,112,88,62,NA
181,NA,86,88,62,NA
182,NA,92,103,76,NA
183,NA,79,94,60,NA
184,NA,88,109,62,NA
185,NA,83,98,58,NA
186,NA,98,107,59,NA
187,NA,84,112,60,NA
188,NA,98,125,62,NA
189,NA,90,125,67,NA
190,NA,94,111,80,NA
191,NA,99,134,75,NA
192,NA,98,123,79,NA
193,NA,94,149,77,NA
194,NA,89,160,83,NA
195,NA,105,159,72,NA
196,NA,94,154,80,NA
197,NA,104,151,77,NA
198,NA,106,148,78,NA
199,NA,123,166,85,NA
200,NA,105,169,94,NA
201,NA,98,159,92,NA
202,NA,81,169,96,NA
203,NA,95,162,81,NA
204,NA,95,181,89,NA
205,NA,109,165,73,NA
206,NA,111,165,74,NA
207,NA,124,158,75,NA
208,NA,131,185,83,NA
209,NA,137,156,75,NA
210,NA,150,151,80,NA
211,NA,149,134,79,NA
212,NA,154,131,66,NA
213,NA,158,142,79,NA
214,NA,139,135,71,NA
215,NA,160,139,86,NA
216,NA,142,126,71,NA
217,NA,131,151,85,NA
218,NA,137,121,75,NA
219,NA,130,119,83,NA
220,NA,122,130,77,NA
221,NA,130,133,76,NA
222,NA,126,144,59,NA
223,NA,150,131,56,NA
224,NA,135,132,56,NA
225,NA,134,117,65,NA
226,NA,153,115,65,NA
227,NA,161,115,76,NA
228,NA,136,108,74,NA
229,NA,142,106,83,NA
230,NA,156,108,79,NA
231,NA,147,99,77,NA
232,NA,154,108,89,NA
233,NA,150,97,93,NA
234,NA,152,98,95,NA
235,NA,144,87,103,NA
236,NA,158,78,103,NA
237,NA,140,77,82,NA
238,NA,150,79,88,NA
239,NA,155,76,80,NA
240,NA,154,71,86,NA
241,NA,134,66,74,NA
242,NA,150,70,75,NA
243,NA,143,57,75,NA
244,NA,147,60,76,NA
245,NA,134,58,82,NA
246,NA,122,61,81,NA
247,NA,128,66,78,NA
248,NA,128,61,79,NA
249,NA,136,69,88,NA
250,NA,117,68,83,NA
251,NA,124,84,73,NA
252,NA,123,68,82,NA
253,NA,115,72,80,NA
254,NA,136,78,94,NA
255,NA,125,70,84,NA
256,NA,144,71,101,NA
257,NA,140,63,99,NA
258,NA,142,64,101,NA
259,NA,139,61,100,NA
260,NA,143,66,94,NA
261,NA,144,66,103,NA
262,NA,135,68,90,NA
263,NA,139,71,87,NA
264,NA,143,79,87,NA
265,NA,149,75,93,NA
266,NA,150,71,92,NA
267,NA,147,65,106,NA
268,NA,141,74,92,NA
269,NA,153,74,85,NA
270,NA,156,62,94,NA
271,NA,160,57,102,NA
272,NA,145,51,90,NA
273,NA,150,49,111,NA
274,NA,147,46,102,NA
275,NA,149,38,89,NA
276,NA,158,43,85,NA
277,NA,156,47,69,NA
278,NA,184,52,73,NA
279,NA,161,48,71,NA
280,NA,179,50,80,NA
281,NA,164,52,81,NA
282,NA,168,61,83,NA
283,NA,165,57,90,NA
284,NA,174,57,84,NA
285,NA,180,60,77,NA
286,NA,173,54,79,NA
287,NA,173,62,66,NA
288,NA,162,69,61,NA
289,NA,166,78,63,NA
290,NA,157,76,57,NA
291,NA,166,81,58,NA
292,NA,167,89,62,NA
293,NA,179,86,65,NA
294,NA,182,81,71,NA
295,NA,196,87,64,NA
296,NA,174,96,63,NA
297,NA,163,82,64,NA
298,NA,176,80,72,NA
299,NA,169,72,70,NA
300,NA,174,65,82,NA
301,NA,173,61,74,NA
302,NA,164,51,67,NA
303,NA,147,54,53,NA
304,NA,141,51,53,NA
305,NA,144,54,53,NA
306,NA,150,58,53,NA
307,NA,158,69,56,NA
308,NA,157,72,59,NA
309,NA,167,95,70,NA
310,NA,144,70,74,NA
311,NA,156,78,71,NA
312,NA,143,74,69,NA
313,NA,155,74,71,NA
314,NA,137,75,87,NA
315,NA,150,85,73,NA
316,NA,152,73,76,NA
317,NA,130,83,77,NA
318,NA,153,82,57,NA
319,NA,116,87,59,NA
320,NA,98,89,51,NA
321,NA,91,88,52,NA
322,NA,78,87,48,NA
323,NA,90,92,53,NA
324,NA,84,98,59,NA
325,NA,68,85,59,NA
326,NA,68,77,68,NA
327,NA,76,85,60,NA
328,NA,74,73,74,NA
329,NA,84,77,77,NA
330,NA,74,68,75,NA
331,NA,82,68,90,NA
332,NA,78,65,89,NA
333,NA,78,63,90,NA
334,NA,83,66,87,NA
335,NA,79,58,81,NA
336,NA,80,67,92,NA
337,NA,74,60,90,NA
338,NA,89,69,93,NA
339,NA,70,67,95,NA
340,NA,75,82,90,NA
341,NA,73,70,102,NA
342,NA,75,77,95,NA
343,NA,73,73,103,NA
344,NA,66,76,91,NA
345,NA,61,81,105,NA
346,NA,55,73,87,NA
347,NA,57,66,98,NA
348,NA,58,51,94,NA
349,NA,61,52,93,NA
350,NA,66,51,96,NA
351,NA,62,49,92,NA
352,NA,63,55,92,NA
353,NA,68,50,98,NA
354,NA,57,54,100,NA
355,NA,55,60,89,NA
356,NA,64,54,108,NA
357,NA,62,57,98,NA
358,NA,65,63,112,NA
359,NA,70,69,116,NA
360,NA,74,66,134,NA
361,NA,70,64,113,NA
362,NA,75,67,114,NA
363,NA,70,72,119,NA
364,NA,68,59,125,NA
365,NA,68,56,116,NA
366,NA,67,51,123,NA
367,NA,75,48,127,NA
368,NA,75,48,114,NA
369,NA,80,51,99,NA
370,NA,71,49,90,NA
371,NA,66,54,78,NA
372,NA,72,51,80,NA
373,NA,70,59,83,NA
374,NA,66,48,85,NA
375,NA,66,48,94,NA
376,NA,66,47,119,NA
377,NA,73,48,90,NA
378,NA,73,48,98,NA
379,NA,85,49,98,NA
380,NA,78,53,113,NA
381,NA,89,45,113,NA
382,NA,84,42,110,NA
383,NA,71,41,98,NA
384,NA,72,46,102,NA
385,NA,78,48,107,NA
386,NA,77,50,101,NA
387,NA,69,54,92,NA
388,NA,59,49,106,NA
389,NA,58,51,81,NA
390,NA,63,51,73,NA
391,NA,65,56,79,NA
392,NA,69,52,66,NA
393,NA,56,43,68,NA
394,NA,59,39,71,NA
395,NA,59,37,84,NA
396,NA,67,34,90,NA
397,NA,59,37,86,NA
398,NA,62,35,87,NA
399,NA,63,35,98,NA
400,NA,54,34,104,NA
401,NA,56,33,109,NA
402,NA,49,34,102,NA
403,NA,52,33,99,NA
404,NA,52,31,103,NA
405,NA,49,30,104,NA
406,NA,48,28,92,NA
407,NA,53,28,88,NA
408,NA,46,28,81,NA
409,NA,48,28,82,NA
410,NA,45,28,82,NA
411,NA,40,28,89,NA
412,NA,41,28,86,NA
413,NA,39,28,77,NA
414,NA,39,28,93,NA
415,NA,39,28,75,NA
416,NA,38,28,82,NA
417,NA,36,28,81,NA
418,NA,36,28,69,NA
419,NA,32,28,68,NA
420,NA,29,28,70,NA
421,NA,27,28,74,NA
422,NA,27,28,82,NA
423,NA,27,28,78,NA
424,NA,27,28,88,NA
425,NA,27,28,79,NA
426,NA,27,28,87,NA
427,NA,27,28,91,NA
428,NA,27,28,86,NA
429,NA,27,28,84,NA
430,NA,27,NA,92,NA
431,NA,27,NA,98,NA
432,NA,27,NA,80,NA
433,NA,27,NA,101,NA
434,NA,27,NA,96,NA
435,NA,27,NA,99,NA
436,NA,27,NA,91,NA
437,NA,27,NA,93,NA
438,NA,27,NA,79,NA
439,NA,27,NA,73,NA
440,NA,27,NA,83,NA
441,NA,27,NA,76,NA
442,NA,27,NA,81,NA
443,NA,27,NA,78,NA
444,NA,27,NA,79,NA
445,NA,NA,NA,87,NA
446,NA,NA,NA,83,NA
447,NA,NA,NA,88,NA
448,NA,NA,NA,92,NA
449,NA,NA,NA,91,NA
450,NA,NA,NA,76,NA
451,NA,NA,NA,71,NA
452,NA,NA,NA,82,NA
453,NA,NA,NA,73,NA
454,NA,NA,NA,78,NA
455,NA,NA,NA,79,NA
456,NA,NA,NA,67,NA
457,NA,NA,NA,66,NA
458,NA,NA,NA,66,NA
459,NA,NA,NA,65,NA
460,NA,NA,NA,61,NA
461,NA,NA,NA,66,NA
462,NA,NA,NA,62,NA
463,NA,NA,NA,65,NA
464,NA,NA,NA,50,NA
465,NA,NA,NA,50,NA
466,NA,NA,NA,48,NA
467,NA,NA,NA,34,NA
468,NA,NA,NA,28,NA
469,NA,NA,NA,24,NA
470,NA,NA,NA,24,NA
471,NA,NA,NA,24,NA
472,NA,NA,NA,24,NA
473,NA,NA,NA,24,NA
474,NA,NA,NA,24,NA
475,NA,NA,NA,24,NA
476,NA,NA,NA,24,NA
477,NA,NA,NA,24,NA
478,NA,NA,NA,24,NA
479,NA,NA,NA,24,NA
480,NA,NA,NA,24,NA
481,NA,NA,NA,24,NA
482,NA,NA,NA,24,NA
483,NA,NA,NA,24,NA
484,NA,NA,NA,24,NA
485,NA,NA,NA,24,NA
486,NA,NA,NA,24,NA
487,NA,NA,NA,24,NA
488,NA,NA,NA,24,NA
489,NA,NA,NA,24,NA
490,NA,NA,NA,24,NA
491,NA,NA,NA,24,NA
492,NA,NA,NA,24,NA
